-1.316444612542788106e-01
-2.142477285861968950e-01
-3.449339691797892460e-01
-4.444746887683868608e-01
-4.959106159210204812e-01
-5.088644226392110559e-01
-5.479192670186360248e-01
-5.636379094918568811e-01
-5.997866884867349979e-01
-5.754718605677286991e-01
-5.981876031557719076e-01
-5.951076332728068019e-01
-5.992043916384378610e-01
-5.799210000038147461e-01
-6.214295339584350319e-01
-5.925392444928486713e-01
-6.028120040893554243e-01
-6.280264441172281886e-01
-5.726023368040720207e-01
-6.298162476221720318e-01
-5.879226827621459872e-01
-5.935890889167785289e-01
-6.156738313039143984e-01
-6.286487054824828613e-01
-6.265241479873657759e-01
-6.279180065790812559e-01
-6.284716248512267622e-01
-6.404337938626607496e-01
-6.395575674374898156e-01
-6.103426845868428208e-01
-6.416524116198222272e-01
-6.209528549512227658e-01
-6.275362888971964814e-01
-6.276567641894023053e-01
-6.292877666155497485e-01
-6.471755838394165350e-01
-6.481765627861022505e-01
-6.219868238766987911e-01
-6.502263482411702045e-01
-6.360168560345967892e-01
-6.226005180676777995e-01
-6.472029495239257635e-01
-6.533526627222696614e-01
-6.524537968635558682e-01
-6.506009149551391646e-01
-6.178070664405822532e-01
-6.399952268600463956e-01
-6.599463534355163308e-01
-6.179832649230957431e-01
-6.519788773854573449e-01
-6.428709220886230646e-01
-6.471774419148762503e-01
-6.507618196805318167e-01
-6.359595227241515714e-01
-6.600956058502197576e-01
-6.379603370030720866e-01
-6.512233066558837935e-01
-6.273402023315429732e-01
-6.476984699567158721e-01
-6.498802542686462624e-01
-6.413920728365579693e-01
-6.539314174652099965e-01
-6.461370873451233177e-01
-6.711377739906311257e-01
-6.582990169525146928e-01
-6.733598534266154179e-01
-6.722828308741252146e-01
-6.490377147992452134e-01
-6.707902844746908011e-01
-6.777409458160400524e-01
-6.759284218152363799e-01
-6.730472318331400805e-01
-6.571633736292521455e-01
-6.597010922431946200e-01
-6.754051907857259174e-01
-6.652164816856384055e-01
-6.800930253664652092e-01
-6.892747068405151722e-01
-6.712222973505655998e-01
-6.661599238713582505e-01
-6.796074914932250799e-01
-6.697797266642252501e-01
-6.674935309092203672e-01
-6.721749194463093602e-01
-6.843930490811666045e-01
-6.917367124557495250e-01
-6.918470517794290675e-01
-6.963750116030374970e-01
-6.820187648137410186e-01
-6.796289610862732422e-01
-6.972544407844543102e-01
-7.005644663174946940e-01
-7.031388719876606741e-01
-7.039087136586507087e-01
-6.788132858276366699e-01
-6.729428275426229122e-01
-6.866804369290669952e-01
-6.771849012374877574e-01
-7.075428668657938180e-01
-6.952029649416605617e-01
-6.951919301350911740e-01
-7.008601498603820312e-01
-7.122010302543639870e-01
-7.202417182922363770e-01
-7.100151403745015299e-01
-7.068377391497293605e-01
-7.096370172500610085e-01
-7.010213057200114228e-01
-6.978131516774495058e-01
-6.839487298329671727e-01
-6.871273406346638524e-01
-6.917988101641336929e-01
-6.972371395428975660e-01
-6.962807043393453021e-01
-7.010528731346130638e-01
-7.043692763646444144e-01
-7.182009434700011852e-01
-7.063903379440307218e-01
-6.866708366076151870e-01
-7.181469639142353811e-01
-6.885582502683004202e-01
-7.115436013539632176e-01
-7.150081539154052868e-01
-7.299395593007406147e-01
-7.030381313959757072e-01
-7.140191984176635920e-01
-7.267610319455464207e-01
-7.192029571533202770e-01
-7.163842121760050086e-01
-7.040056546529134263e-01
-7.167679635683695816e-01
-6.961467663447061804e-01
-6.934134014447530525e-01
-7.013730518023173488e-01
-7.170191081364949426e-01
-7.050384720166523733e-01
-7.093344561258951853e-01
-6.955530722935994170e-01
-7.210782909393310680e-01
-7.106213871637979684e-01
-7.055767432848611964e-01
-7.284316809972127826e-01
-7.018150393168131052e-01
-7.463651363054911725e-01
-7.266874790191650835e-01
-7.201062758763631111e-01
-7.154552173614502353e-01
-7.143126360575358103e-01
-6.987678408622741699e-01
-7.084999656677246627e-01
-7.260527698198954161e-01
-7.271991340319315933e-01
-7.272102435429891321e-01
-7.011373766263325757e-01
-7.277880930900573198e-01
-7.096912733713786059e-01
-7.022521026929219312e-01
-7.148062737782796550e-01
-7.217832938830057721e-01
-7.313847200075784816e-01
-7.154544965426127279e-01
-7.250189288457234982e-01
-7.262214040756225231e-01
-7.196998874346415276e-01
-7.210014645258585597e-01
-7.218033075332641602e-01
-7.217670146624247662e-01
-7.250616224606831750e-01
-7.162174852689107141e-01
-7.259954516092935739e-01
-7.316199453671773378e-01
-7.365749700864155924e-01
-7.229057852427164255e-01
-7.209534017244975113e-01
-7.270612827936808742e-01
-7.274021228154500252e-01
-7.193847060203552024e-01
-7.257357112566630297e-01
-7.318844167391459488e-01
-7.300043447812398778e-01
-7.262370729446411266e-01
-7.188072816530863829e-01
-7.120067159334818596e-01
-7.255073658625285082e-01
-7.130653079350789403e-01
-7.365742023785909476e-01
-7.284064110120137547e-01
-7.445549209912617483e-01
-7.113369703292846680e-01
-7.267719197273254661e-01
-7.323107059796650775e-01
-7.318611176808674790e-01
-7.403582096099853294e-01
-7.270653502146402491e-01
-7.258614834149678119e-01
-7.250793759028116847e-01
-7.213846906026204486e-01
-7.347040510177612616e-01
-7.229578574498494170e-01
-7.281377665201822502e-01
