-2.210962605476379517e-01
-2.233758552869160863e-01
-2.166332970062891661e-01
-2.311851676305134995e-01
-2.419869061311085978e-01
-2.245498585700988758e-01
-2.549727010726928755e-01
-2.621815029780070194e-01
-3.367318256696065215e-01
-4.544818548361460597e-01
-5.288980142275492291e-01
-5.900729099909464148e-01
-6.071122097969054998e-01
-6.576433515548706366e-01
-6.700962344805400095e-01
-6.604599205652872396e-01
-6.791509373982747011e-01
-6.603041052818298118e-01
-6.818428866068522165e-01
-6.647719987233480232e-01
-6.362142022450765211e-01
-6.930882930755615234e-01
-6.538656278451283610e-01
-6.751464343070984198e-01
-7.023571364084879587e-01
-6.831031894683837757e-01
-6.941580049196879321e-01
-6.780863229433695683e-01
-6.705188616116841693e-01
-7.045248524347941244e-01
-7.004633863766988044e-01
-7.161026692390441983e-01
-7.069758947690327755e-01
-6.907466944058736624e-01
-6.671345694859822650e-01
-6.427904740969340169e-01
-7.003908284505208082e-01
-6.952540183067321689e-01
-6.949667994181315533e-01
-7.140659419695536414e-01
-7.584248121579487689e-01
-6.865922292073567412e-01
-7.104235363006591308e-01
-6.973271179199218572e-01
-7.450848603248596547e-01
-7.074235971768697562e-01
-7.135244115193685177e-01
-6.869020779927571541e-01
-7.083198221524557026e-01
-6.930143562952677527e-01
-7.132703232765197354e-01
-7.052889863650003699e-01
-7.018871903419494629e-01
-7.323981857299804998e-01
-7.166639033953349225e-01
-7.213183339436849417e-01
-6.969462545712789003e-01
-7.515413705507913988e-01
-7.125568405787150450e-01
-7.039222725232442412e-01
-6.895993129412333333e-01
-7.097756528854369806e-01
-7.240562653541564586e-01
-7.114666509628295721e-01
-7.257175898551940785e-01
-7.285569397608439024e-01
-7.388322194417317190e-01
-7.083978732426960967e-01
-7.091550000508626272e-01
-7.003294849395751420e-01
-7.075128110249837565e-01
-7.200009457270304392e-01
-7.196713940302530421e-01
-7.081926782925923591e-01
-6.974529735247294582e-01
-7.138437851270039713e-01
-7.314249030749002678e-01
-7.056641006469726030e-01
-7.044917829831440770e-01
-7.117012778917948257e-01
-7.294589440027873239e-01
-7.181863363583882442e-01
-7.462839810053507605e-01
-7.149203149477640906e-01
-7.134806927045186375e-01
-7.139801470438639219e-01
-7.320807727177938151e-01
-7.217690308888753403e-01
-7.281682586669921964e-01
-7.331942383448283307e-01
-7.063894542058308801e-01
-7.295375569661458615e-01
-7.381533042589822902e-01
-7.539917699495951586e-01
-7.532496468226115294e-01
-7.317548863093058520e-01
-7.381191261609395537e-01
-6.984258683522542865e-01
-7.104344836870829516e-01
-7.436220900217691554e-01
-7.160330112775167288e-01
-7.141154917081197206e-01
-7.419718631108601636e-01
-7.364107966423034668e-01
-7.573796017964681271e-01
-7.202972984313964488e-01
-7.001168735822042022e-01
-7.371897490819295795e-01
-7.174032537142435162e-01
-7.388535857200622115e-01
-7.163667297363280895e-01
-7.502346030871073213e-01
-7.259620436032613311e-01
-7.369739397366841249e-01
-7.006660326321919596e-01
-7.253900170326232910e-01
-7.659898241360981741e-01
-7.118948165575663678e-01
-7.343677910168965317e-01
-7.419559216499328480e-01
-7.628063178062438610e-01
-7.490060424804687589e-01
-7.391238228480021544e-01
-7.289070685704549524e-01
-7.520839365323385151e-01
-7.563581681251525524e-01
-7.447696884473165024e-01
-7.375380261739095111e-01
-7.494929822285970600e-01
-7.553880516688028512e-01
-7.369872832298278720e-01
-7.502279527982076424e-01
-7.397765819231668649e-01
-7.402728176116943892e-01
-7.642692605654398674e-01
-7.548838520050048517e-01
-7.538332351048787627e-01
-7.489019687970479566e-01
-7.239911031723021972e-01
-7.287813766797384130e-01
-7.291173251469930117e-01
-7.701757550239562988e-01
-7.446107943852742217e-01
-7.537238581975300722e-01
-7.622298860549926447e-01
-7.573139580090840761e-01
-7.657498971621194972e-01
-7.417957027753193655e-01
-7.467275245984394960e-01
-7.708066964149474787e-01
-7.542292650540669552e-01
-7.433906912803649458e-01
-7.411453866958618297e-01
-7.406248203913370354e-01
-7.696298209826151204e-01
-7.492570726076761556e-01
-7.661705128351847804e-01
-7.472316090265910260e-01
-7.763949203491210538e-01
-7.572306124369303504e-01
-7.430765970547994481e-01
-7.102789338429769117e-01
-7.681571189562479418e-01
-7.640059773127237941e-01
-7.581763299306233383e-01
-7.586235857009887562e-01
-7.524496491750081173e-01
-7.804384597142537405e-01
-7.296914672851562145e-01
-7.498949885368346724e-01
-7.619346086184183298e-01
-7.597652180989583615e-01
-7.497602796554565519e-01
-7.433770227432251465e-01
-7.526148271560668679e-01
-7.675181317329407005e-01
-7.589963976542154489e-01
-7.679107880592346280e-01
-7.752526354789733842e-01
-7.334603126843770582e-01
-7.643346309661864790e-01
-7.789428154627482392e-01
-7.658903050422668501e-01
-7.698625906308491640e-01
-7.671705913543701572e-01
-7.415080801645914654e-01
-7.478060905138651515e-01
-7.624707372983297038e-01
-7.848402523994445490e-01
-7.740849486986796091e-01
-7.666910378138224180e-01
-7.340811816851298133e-01
-7.770356639226277951e-01
-7.496495191256205004e-01
-7.547866868972777921e-01
-7.539351932207742912e-01
-7.583150180180867617e-01
-7.643956605593363873e-01
-7.434091782569884899e-01
-7.472510592142740382e-01
