-2.959348098436991314e-01
-4.955247183640797970e-01
-5.733685199419656930e-01
-5.666635791460673532e-01
-5.820373940467834517e-01
-5.726233855883280377e-01
-5.954131793975829812e-01
-5.958782005310058194e-01
-6.179989043871562115e-01
-6.000128857294718676e-01
-6.202239696184793649e-01
-6.183926280339558934e-01
-6.131155014038085493e-01
-5.919458349545796416e-01
-6.248141463597615131e-01
-6.125180308024088527e-01
-6.261520965894062929e-01
-6.369548074404398630e-01
-5.938185675938923991e-01
-6.430803712209065548e-01
-6.154083037376403276e-01
-6.108150760332743401e-01
-6.208854301770527773e-01
-6.466703383127848648e-01
-6.411654591560363992e-01
-6.448401983578999630e-01
-6.475065747896829871e-01
-6.587741470336914151e-01
-6.496193846066792288e-01
-6.425242789586385062e-01
-6.629912233352661666e-01
-6.316851353645325240e-01
-6.444036221504211293e-01
-6.457151309649149518e-01
-6.584996207555134928e-01
-6.565856695175170676e-01
-6.603302566210428326e-01
-6.532426428794860795e-01
-6.626841092109679865e-01
-6.666416827837625680e-01
-6.564746205012003122e-01
-6.700534717241922733e-01
-6.657854668299356682e-01
-6.773550009727478116e-01
-6.628152060508728516e-01
-6.321075455347696659e-01
-6.619066476821899858e-01
-6.733073608080546446e-01
-6.471793826421101681e-01
-6.675770131746927571e-01
-6.688065759340922067e-01
-6.709548266728718735e-01
-6.749565863609313654e-01
-6.701649610201517726e-01
-6.756351089477539151e-01
-6.722525143623352406e-01
-6.602286060651143540e-01
-6.566987689336141187e-01
-6.688571055730183623e-01
-6.778854695955912613e-01
-6.665628695487976207e-01
-6.706072227160135846e-01
-6.608721645673115708e-01
-6.994011354446411088e-01
-6.944684966405232363e-01
-7.008503492673238133e-01
-6.928470142682393584e-01
-6.755962864557901737e-01
-7.067713888486226725e-01
-6.994002167383829294e-01
-7.001434715588887858e-01
-6.993697055180867483e-01
-6.963288410504658854e-01
-6.912881199518839948e-01
-6.998349523544311612e-01
-6.934567141532897994e-01
-7.073820416132609035e-01
-7.016189813613891157e-01
-6.830039540926615693e-01
-6.962775389353433875e-01
-7.007660754521687352e-01
-6.906678684552510772e-01
-6.907519642512003344e-01
-7.027443480491638583e-01
-7.119829154014587491e-01
-7.175606075922648097e-01
-7.164623061815897920e-01
-7.205971638361613474e-01
-7.119654067357381599e-01
-7.090898887316385846e-01
-7.268584402402241684e-01
-7.242086688677470407e-01
-7.132574836413065889e-01
-7.312013157208760994e-01
-6.959148263931274059e-01
-7.020681770642598352e-01
-7.265542554855346502e-01
-6.972573518753051314e-01
-7.269949118296304968e-01
-7.183194319407145700e-01
-7.208761127789815593e-01
-7.273418060938516838e-01
-7.374287430445353175e-01
-7.378353810310364080e-01
-7.348496063550313817e-01
-7.322956538200378063e-01
-7.325818888346353752e-01
-7.270671534538268865e-01
-7.239332111676534121e-01
-7.108332141240437663e-01
-7.128904732068379602e-01
-7.088620392481486121e-01
-7.095807298024495724e-01
-7.082957514127095067e-01
-7.153621419270833615e-01
-7.244481635093689142e-01
-7.386618582407633582e-01
-7.312042140960692826e-01
-7.113063311576843795e-01
-7.337549153963724979e-01
-6.970552515983581277e-01
-7.394967961311340598e-01
-7.399484427769978945e-01
-7.467218716939290069e-01
-7.234985955556233472e-01
-7.396000997225443685e-01
-7.478599413235982318e-01
-7.390732995669047067e-01
-7.253084309895833082e-01
-7.378735637664795011e-01
-7.399956703186034712e-01
-7.271890083948771011e-01
-7.124831438064574973e-01
-7.323803766568501850e-01
-7.413973402976989924e-01
-7.357390626271566036e-01
-7.313564936319987275e-01
-7.221279740333557129e-01
-7.444977347056070949e-01
-7.493731657663981194e-01
-7.397181495030721310e-01
-7.544502822558084576e-01
-7.359531227747598825e-01
-7.651097130775451616e-01
-7.418463142712911074e-01
-7.339362621307372603e-01
-7.368064451217651856e-01
-7.404483580589293901e-01
-7.269970949490864864e-01
-7.393708984057109079e-01
-7.409558582305908470e-01
-7.486385528246561893e-01
-7.371239964167276559e-01
-7.132590913772582919e-01
-7.526524392763773719e-01
-7.355866694450378107e-01
-7.305958286921183653e-01
-7.422937742869059052e-01
-7.467340310414631865e-01
-7.486980048815409239e-01
-7.355762370427449959e-01
-7.399656025568643880e-01
-7.481936415036519739e-01
-7.519494644800821526e-01
-7.518146864573160837e-01
-7.439274493853250680e-01
-7.552961405118306937e-01
-7.538083092371622440e-01
-7.527331693967183046e-01
-7.578772314389546905e-01
-7.571828118960062248e-01
-7.594695329666137917e-01
-7.468008041381836160e-01
-7.523836175600687737e-01
-7.504926848411560547e-01
-7.496330769856770493e-01
-7.499448879559834635e-01
-7.526632555325826202e-01
-7.523740776379903572e-01
-7.513967800140380904e-01
-7.602710556983948154e-01
-7.435343837738037642e-01
-7.478741280237833911e-01
-7.517301273345947665e-01
-7.477754727999369466e-01
-7.700378902753194366e-01
-7.492882601420084443e-01
-7.693681001663208452e-01
-7.423701739311218128e-01
-7.490922792752583437e-01
-7.618717304865518791e-01
-7.605762966473896824e-01
-7.637581658363342685e-01
-7.541938018798828303e-01
-7.487571207682292007e-01
-7.450183931986490427e-01
-7.556896940867106061e-01
-7.616882467269897594e-01
-7.504704777399698878e-01
-7.638806390762329368e-01
